10
-289.5027624
-289.5027624	-289.5027624	-289.5027624	-289.5027624
-289.5027624	-289.5027624	-289.5027624	-289.5027624	-289.5027624	-289.5027624	-289.5027624	-289.5027624	-289.5027624	-289.5027624	-289.5027624	-289.5027624	-289.5027624	-289.5027624	-289.5027624	-289.5027624
-289.5027624	-289.5027624	-289.5027624	-289.5027624	-289.5027624	-289.5027624	-289.5027624	-289.5027624	-289.5027624	-289.5027624	-289.5027624	-289.5027624	-289.5027624	-289.5027624	-289.5027624	-289.5027624
-289.5027624	-288.5027624	-287.5027624	-286.5027624	-285.5027624	-285.0828729
-285.0828729	-284.0828729	-283.0828729	-282.8729282
-282.8729282	-281.8729282	-280.8729282	-279.8729282	-278.8729282	-278.4530387
-278.4530387	-277.4530387	-276.4530387	-275.4530387	-274.4530387	-274.0331492
-274.0331492	-273.0331492	-272.0331492	-271.0331492	-270.0331492	-269.6132597
-269.6132597	-269.6132597	-269.6132597	-269.6132597	-269.6132597	-269.6132597	-269.6132597	-269.6132597	-269.6132597	-269.6132597	-269.6132597	-269.6132597	-269.6132597
-269.6132597	-268.6132597	-267.6132597	-266.6132597	-265.6132597	-265.1933702
-265.1933702	-264.1933702	-263.1933702	-262.9834254
-262.9834254	-261.9834254	-260.9834254	-259.9834254	-258.9834254	-258.5635359
-258.5635359	-257.5635359	-256.5635359	-255.5635359	-254.5635359	-253.5635359	-252.5635359	-251.5635359	-250.5635359	-249.7237569
-249.7237569	-248.7237569	-247.7237569	-246.7237569	-245.7237569	-244.7237569	-243.7237569	-242.7237569	-241.7237569	-240.8839779
-240.8839779	-239.8839779	-238.8839779	-237.8839779	-236.8839779	-236.4640884
-236.4640884	-235.4640884	-234.4640884	-233.4640884	-232.4640884	-231.4640884	-230.4640884	-229.8342541
-229.8342541	-228.8342541	-227.8342541	-226.8342541	-225.8342541	-224.8342541	-223.8342541	-223.2044199
-223.2044199	-222.2044199	-221.2044199	-220.2044199	-219.2044199	-218.2044199	-217.2044199	-216.2044199	-215.2044199	-214.3646409
-214.3646409	-213.3646409	-212.3646409	-211.3646409	-210.3646409	-209.3646409	-208.3646409	-207.7348066
-207.7348066	-206.7348066	-205.7348066	-204.7348066	-203.7348066	-202.7348066	-201.7348066	-201.1049724
-201.1049724	-200.1049724	-199.1049724	-198.1049724	-197.1049724	-196.1049724	-195.1049724	-194.1049724	-193.1049724	-192.1049724	-191.1049724	-190.1049724	-190.0552486
-190.0552486	-189.0552486	-188.0552486	-187.0552486	-186.0552486	-185.0552486	-184.0552486	-183.0552486	-182.0552486	-181.2154696
-181.2154696	-180.2154696	-179.2154696	-178.2154696	-177.2154696	-176.2154696	-175.2154696	-174.2154696	-173.2154696	-172.3756906
-172.3756906	-171.3756906	-170.3756906	-169.3756906	-168.3756906	-167.3756906	-166.3756906	-165.3756906	-164.3756906	-163.3756906	-162.3756906	-161.3756906	-161.3259669
-161.3259669	-160.3259669	-159.3259669	-158.3259669	-157.3259669	-156.3259669	-155.3259669	-154.3259669	-153.3259669	-152.3259669	-151.3259669	-150.3259669	-150.2762431
-150.2762431	-149.2762431	-148.2762431	-147.2762431	-146.2762431	-145.2762431	-144.2762431	-143.2762431	-142.2762431	-141.2762431	-140.2762431	-139.2762431	-138.2762431	-137.2762431	-136.2762431	-135.2762431	-134.2762431	-133.2762431	-132.5966851
-132.5966851	-131.5966851	-130.5966851	-129.5966851	-128.5966851	-127.5966851	-126.5966851	-125.5966851	-124.5966851	-123.7569061
-123.7569061	-122.7569061	-121.7569061	-120.7569061	-119.7569061	-118.7569061	-117.7569061	-116.7569061	-115.7569061	-114.7569061	-113.7569061	-112.7569061	-112.7071823
-112.7071823	-111.7071823	-110.7071823	-109.7071823	-108.7071823	-107.7071823	-106.7071823	-105.7071823	-104.7071823	-103.8674033
-103.8674033	-102.8674033	-101.8674033	-100.8674033	-99.86740331	-98.86740331	-97.86740331	-97.23756906
-97.23756906	-96.23756906	-95.23756906	-94.23756906	-93.23756906	-92.23756906	-91.23756906	-90.60773481
-90.60773481	-89.60773481	-88.60773481	-87.60773481	-86.60773481	-85.60773481	-84.60773481	-83.60773481	-82.60773481	-81.60773481	-80.60773481	-79.60773481	-78.60773481	-77.60773481	-76.60773481	-75.60773481	-75.13812155
-75.13812155	-74.13812155	-73.13812155	-72.13812155	-71.13812155	-70.13812155	-69.13812155	-68.13812155	-67.13812155	-66.13812155	-65.13812155	-64.13812155	-63.13812155	-62.13812155	-61.13812155	-60.13812155	-59.13812155	-58.13812155	-57.13812155	-56.13812155	-55.13812155	-54.13812155	-53.13812155	-52.13812155	-51.13812155	-50.13812155	-49.13812155	-48.13812155	-47.13812155	-46.13812155	-45.13812155	-44.13812155	-43.13812155	-42.13812155	-41.13812155	-40.13812155	-39.13812155	-38.13812155	-37.13812155	-36.13812155	-35.13812155	-34.13812155	-33.13812155	-32.13812155	-31.13812155	-30.13812155	-29.13812155	-28.13812155	-27.13812155	-26.51933702
-26.51933702	-25.51933702	-24.51933702	-23.51933702	-22.51933702	-21.51933702	-20.51933702	-19.51933702	-18.51933702	-17.51933702	-16.51933702	-15.51933702	-14.51933702	-13.51933702	-12.51933702	-11.51933702	-10.51933702	-9.519337017	-8.519337017	-7.519337017	-6.519337017	-5.519337017	-4.519337017	-4.419889503
-4.419889503	-3.419889503	-2.419889503	-1.419889503	-0.4198895028	0.5801104972	1.580110497	2.580110497	3.580110497	4.580110497	5.580110497	6.580110497	7.580110497	8.580110497	9.580110497	10.5801105	11.5801105	12.5801105	13.5801105	14.5801105	15.5801105	16.5801105	17.5801105	18.5801105	19.5801105	20.5801105	21.5801105	22.5801105	23.5801105	24.5801105	25.5801105	26.5801105	27.5801105	28.5801105	29.5801105	30.5801105	30.93922652
30.93922652	31.93922652	32.93922652	33.93922652	34.93922652	35.93922652	36.93922652	37.93922652	38.93922652	39.93922652	40.93922652	41.93922652	42.93922652	43.93922652	44.93922652	45.93922652	46.93922652	47.93922652	48.93922652	49.93922652	50.93922652	51.93922652	52.93922652	53.93922652	54.93922652	55.93922652	56.93922652	57.93922652	58.93922652	59.66850829
59.66850829	60.66850829	61.66850829	62.66850829	63.66850829	64.66850829	65.66850829	66.29834254
66.29834254	67.29834254	68.29834254	69.29834254	70.29834254	71.29834254	72.29834254	73.29834254	74.29834254	75.13812155
75.13812155	76.13812155	77.13812155	78.13812155	79.13812155	80.13812155	81.13812155	81.7679558
81.7679558	82.7679558	83.7679558	84.7679558	85.7679558	86.7679558	87.7679558	88.39779006
88.39779006	89.39779006	90.39779006	91.39779006	92.39779006	92.81767956
92.81767956	93.81767956	94.81767956	95.02762431
95.02762431	96.02762431	97.02762431	97.23756906
97.23756906	98.23756906	99.23756906	99.44751381
99.44751381	100.4475138	101.4475138	101.6574586
101.6574586	102.6574586	103.6574586	104.6574586	105.6574586	106.0773481
106.0773481	107.0773481	108.0773481	109.0773481	110.0773481	110.4972376
110.4972376	111.4972376	112.4972376	113.4972376	114.4972376	114.9171271
114.9171271	115.9171271	116.9171271	117.1270718
117.1270718	118.1270718	119.1270718	120.1270718	121.1270718	121.5469613
121.5469613	122.5469613	123.5469613	124.5469613	125.5469613	125.9668508
125.9668508	126.9668508	127.9668508	128.1767956
128.1767956	129.1767956	130.1767956	131.1767956	132.1767956	132.5966851
132.5966851	133.5966851	134.5966851	134.8066298
134.8066298	135.8066298	136.8066298	137.8066298	138.8066298	139.2265193
139.2265193	140.2265193	141.2265193	142.2265193	143.2265193	143.6464088
143.6464088	144.6464088	145.6464088	146.6464088	147.6464088	148.0662983
148.0662983	149.0662983	150.0662983	151.0662983	152.0662983	152.4861878
152.4861878	153.4861878	154.4861878	154.6961326
154.6961326	155.6961326	156.6961326	157.6961326	158.6961326	159.1160221
159.1160221	159.1160221	159.1160221	159.1160221	159.1160221	159.1160221	159.1160221
159.1160221	160.1160221	161.1160221	162.1160221	163.1160221	163.5359116
163.5359116	164.5359116	165.5359116	165.7458564
165.7458564	166.7458564	167.7458564	167.9558011
167.9558011	167.9558011	167.9558011	167.9558011
167.9558011	167.9558011	167.9558011	167.9558011
167.9558011	168.9558011	169.9558011	170.1657459
170.1657459	171.1657459	172.1657459	173.1657459	174.1657459	174.5856354
174.5856354	175.5856354	176.5856354	176.7955801
176.7955801	177.7955801	178.7955801	179.0055249
179.0055249	180.0055249	181.0055249	181.2154696
181.2154696	182.2154696	183.2154696	183.4254144
183.4254144	184.4254144	185.4254144	185.6353591
185.6353591	186.6353591	187.6353591	188.6353591	189.6353591	190.0552486
190.0552486	191.0552486	192.0552486	192.2651934
192.2651934	193.2651934	194.2651934	194.4751381
194.4751381	195.4751381	196.4751381	196.6850829
196.6850829	197.6850829	198.6850829	198.8950276
198.8950276	199.8950276	200.8950276	201.1049724
201.1049724	202.1049724	203.1049724	203.3149171
203.3149171	204.3149171	205.3149171	206.3149171	207.3149171	207.7348066
207.7348066	208.7348066	209.7348066	210.7348066	211.7348066	212.1546961
212.1546961	213.1546961	214.1546961	214.3646409
214.3646409	215.3646409	216.3646409	217.3646409	218.3646409	219.3646409	220.3646409	221.3646409	222.3646409	223.3646409	224.3646409	225.3646409	226.3646409	227.3646409	228.3646409	229.3646409	229.8342541
229.8342541	230.8342541	231.8342541	232.8342541	233.8342541	234.8342541	235.8342541	236.4640884
236.4640884	237.4640884	238.4640884	239.4640884	240.4640884	240.8839779
240.8839779	241.8839779	242.8839779	243.8839779	244.8839779	245.8839779	246.8839779	247.8839779	248.8839779	249.8839779	250.8839779	251.8839779	252.8839779	253.8839779	254.8839779	255.8839779	256.8839779	257.8839779	258.8839779	259.8839779	260.8839779	261.8839779	262.8839779	263.8839779	264.8839779	265.8839779	266.8839779	267.8839779	268.8839779	269.8839779	270.8839779	271.8839779	272.8839779	273.8839779	274.8839779	275.8839779	276.8839779	277.8839779	278.8839779	279.8839779	280.8839779	281.8839779	282.8839779	283.8839779	284.8839779	285.8839779	286.8839779	287.2928177
287.2928177	288.2928177	289.2928177	290.2928177	291.2928177	292.2928177	293.2928177	294.2928177	295.2928177	296.2928177	297.2928177	298.2928177	299.2928177	300.2928177	301.2928177	302.2928177	303.2928177	304.2928177	305.2928177	306.2928177	307.2928177	308.2928177	309.2928177	310.2928177	311.2928177	312.2928177	313.2928177	314.2928177	315.2928177	316.2928177	317.2928177	318.2928177	319.2928177	320.2928177	320.441989
320.441989	319.441989	318.441989	317.441989	316.441989	315.441989	314.441989	313.441989	312.441989	311.6022099
311.6022099	310.6022099	309.6022099	308.6022099	307.6022099	306.6022099	305.6022099	304.6022099	303.6022099	302.6022099	301.6022099	300.6022099	299.6022099	298.6022099	297.6022099	296.6022099	295.6022099	294.6022099	293.9226519
293.9226519	292.9226519	291.9226519	290.9226519	289.9226519	288.9226519	287.9226519	286.9226519	285.9226519	284.9226519	283.9226519	282.9226519	281.9226519	280.9226519	279.9226519	278.9226519	277.9226519	276.9226519	275.9226519	274.9226519	273.9226519	272.9226519	271.9226519	270.9226519	269.9226519	268.9226519	267.9226519	266.9226519	265.9226519	265.1933702
265.1933702	264.1933702	263.1933702	262.1933702	261.1933702	260.1933702	259.1933702	258.1933702	257.1933702	256.1933702	255.1933702	254.1933702	253.1933702	252.1933702	251.1933702	250.1933702	249.1933702	248.1933702	247.1933702	246.1933702	245.1933702	244.1933702	243.1933702	242.1933702	241.1933702	240.1933702	239.1933702	238.1933702	237.1933702	236.1933702	235.1933702	234.1933702	233.1933702	232.1933702	231.1933702	230.1933702	229.1933702	228.1933702	227.1933702	226.1933702	225.1933702	224.1933702	223.1933702	222.1933702	221.1933702	220.1933702	219.1933702	218.1933702	217.1933702	216.1933702	215.1933702	214.1933702	213.1933702	212.1933702	211.1933702	210.1933702	209.1933702	208.1933702	207.1933702	206.1933702	205.1933702	204.1933702	203.1933702	202.1933702	201.1933702	200.1933702	199.1933702	198.8950276
198.8950276	197.8950276	196.8950276	195.8950276	194.8950276	193.8950276	192.8950276	191.8950276	190.8950276	189.8950276	188.8950276	187.8950276	186.8950276	185.8950276	184.8950276	183.8950276	182.8950276	181.8950276	180.8950276	179.8950276	178.8950276	177.8950276	176.8950276	175.8950276	174.8950276	173.8950276	172.8950276	171.8950276	170.8950276	169.8950276	168.8950276	167.8950276	166.8950276	165.8950276	164.8950276	163.8950276	162.8950276	161.8950276	160.8950276	159.8950276	158.8950276	157.8950276	156.8950276	155.8950276	154.8950276	153.8950276	152.8950276	151.8950276	150.8950276	149.8950276	148.8950276	147.8950276	146.8950276	145.8950276	144.8950276	143.8950276	142.8950276	141.8950276	141.4364641
141.4364641	140.4364641	139.4364641	138.4364641	137.4364641	136.4364641	135.4364641	134.4364641	133.4364641	132.4364641	131.4364641	130.4364641	129.4364641	128.4364641	127.4364641	126.4364641	125.4364641	124.4364641	123.4364641	122.4364641	121.4364641	120.4364641	119.4364641	118.4364641	117.4364641	116.4364641	115.4364641	114.4364641	113.4364641	112.4364641	111.4364641	110.4364641	109.4364641	108.4364641	107.4364641	106.4364641	105.4364641	104.4364641	103.4364641	102.4364641	101.4364641	100.4364641	99.43646409	98.43646409	97.43646409	96.43646409	95.43646409	94.43646409	93.43646409	92.43646409	91.43646409	90.43646409	89.43646409	88.43646409	88.39779006
88.39779006	87.39779006	86.39779006	85.39779006	84.39779006	83.39779006	82.39779006	81.39779006	80.39779006	79.39779006	78.39779006	77.39779006	76.39779006	75.39779006	74.39779006	73.39779006	72.39779006	71.39779006	70.39779006	69.39779006	68.39779006	67.39779006	66.39779006	65.39779006	64.39779006	63.39779006	62.39779006	61.39779006	60.39779006	59.39779006	58.39779006	57.39779006	56.39779006	55.39779006	54.39779006	53.39779006	52.39779006	51.39779006	50.39779006	49.39779006	48.39779006	47.39779006	46.39779006	45.39779006	44.39779006	44.19889503
44.19889503	43.19889503	42.19889503	41.19889503	40.19889503	39.19889503	38.19889503	37.19889503	36.19889503	35.19889503	34.19889503	33.19889503	32.19889503	31.19889503	30.19889503	29.19889503	28.19889503	27.19889503	26.19889503	25.19889503	24.19889503	23.19889503	22.19889503	21.19889503	20.19889503	19.19889503	18.19889503	17.19889503	16.19889503	15.19889503	14.19889503	13.19889503	12.19889503	11.19889503	10.19889503	9.198895028	8.198895028	7.198895028	6.198895028	5.198895028	4.198895028	3.198895028	2.198895028	1.198895028	0.1988950276	-0.8011049724	-1.801104972	-2.801104972	-3.801104972	-4.801104972	-5.801104972	-6.801104972	-7.801104972	-8.801104972	-9.801104972	-10.80110497	-11.04972376
-11.04972376	-12.04972376	-13.04972376	-14.04972376	-15.04972376	-16.04972376	-17.04972376	-18.04972376	-19.04972376	-20.04972376	-21.04972376	-22.04972376	-22.09944751
-22.09944751	-23.09944751	-24.09944751	-25.09944751	-26.09944751	-27.09944751	-28.09944751	-29.09944751	-30.09944751	-31.09944751	-32.09944751	-33.09944751	-34.09944751	-35.09944751	-36.09944751	-37.09944751	-38.09944751	-39.09944751	-40.09944751	-41.09944751	-42.09944751	-43.09944751	-44.09944751	-45.09944751	-46.09944751	-47.09944751	-48.09944751	-49.09944751	-50.09944751	-51.09944751	-52.09944751	-53.09944751	-54.09944751	-55.09944751	-56.09944751	-57.09944751	-58.09944751	-59.09944751	-60.09944751	-61.09944751	-62.09944751	-63.09944751	-64.09944751	-65.09944751	-66.09944751	-67.09944751	-68.09944751	-69.09944751	-70.09944751	-71.09944751	-72.09944751	-73.09944751	-74.09944751	-75.09944751	-76.09944751	-77.09944751	-78.09944751	-79.09944751	-80.09944751	-81.09944751	-82.09944751	-83.09944751	-84.09944751	-85.09944751	-86.09944751	-86.1878453
-86.1878453	-87.1878453	-88.1878453	-89.1878453	-90.1878453	-91.1878453	-92.1878453	-93.1878453	-94.1878453	-95.1878453	-96.1878453	-97.1878453	-98.1878453	-99.1878453	-100.1878453	-101.1878453	-102.1878453	-103.1878453	-104.1878453	-105.1878453	-106.1878453	-107.1878453	-108.1878453	-109.1878453	-110.1878453	-111.1878453	-112.1878453	-113.1878453	-114.1878453	-115.1878453	-116.1878453	-117.1878453	-118.1878453	-119.1878453	-120.1878453	-121.1878453	-122.1878453	-123.1878453	-124.1878453	-125.1878453	-126.1878453	-127.1878453	-128.1878453	-129.1878453	-130.1878453	-131.1878453	-132.1878453	-133.1878453	-134.1878453	-135.1878453	-136.1878453	-137.0165746
-137.0165746	-138.0165746	-139.0165746	-140.0165746	-141.0165746	-142.0165746	-143.0165746	-144.0165746	-145.0165746	-146.0165746	-147.0165746	-148.0165746	-149.0165746	-150.0165746	-151.0165746	-152.0165746	-153.0165746	-154.0165746	-155.0165746	-156.0165746	-157.0165746	-158.0165746	-159.0165746	-160.0165746	-161.0165746	-162.0165746	-163.0165746	-164.0165746	-165.0165746	-166.0165746	-167.0165746	-167.9558011
-167.9558011	-168.9558011	-169.9558011	-170.9558011	-171.9558011	-172.9558011	-173.9558011	-174.9558011	-175.9558011	-176.7955801
-176.7955801	-177.7955801	-178.7955801	-179.7955801	-180.7955801	-181.7955801	-182.7955801	-183.7955801	-184.7955801	-185.7955801	-186.7955801	-187.7955801	-188.7955801	-189.7955801	-190.7955801	-191.7955801	-192.2651934
-192.2651934	-193.2651934	-194.2651934	-195.2651934	-196.2651934	-197.2651934	-198.2651934	-199.2651934	-200.2651934	-201.2651934	-202.2651934	-203.2651934	-204.2651934	-205.2651934	-206.2651934	-207.2651934	-208.2651934	-209.2651934	-210.2651934	-211.2651934	-212.2651934	-213.2651934	-214.2651934	-215.2651934	-216.2651934	-216.5745856
-216.5745856	-217.5745856	-218.5745856	-219.5745856	-220.5745856	-221.5745856	-222.5745856	-223.5745856	-224.5745856	-225.5745856	-226.5745856	-227.5745856	-227.6243094
-227.6243094	-228.6243094	-229.6243094	-229.8342541
-229.8342541	-230.8342541	-231.8342541	-232.8342541	-233.8342541	-234.2541436
-234.2541436	-235.2541436	-236.2541436	-237.2541436	-238.2541436	-238.6740331
-238.6740331	-239.6740331	-240.6740331	-241.6740331	-242.6740331	-243.0939227
-243.0939227	-244.0939227	-245.0939227	-246.0939227	-247.0939227	-247.5138122
-247.5138122	-248.5138122	-249.5138122	-249.7237569
-249.7237569	-250.7237569	-251.7237569	-252.7237569	-253.7237569	-254.1436464
-254.1436464	-254.1436464	-254.1436464	-254.1436464
-254.1436464	-255.1436464	-256.1436464	-257.1436464	-258.1436464	-259.1436464	-260.1436464	-260.7734807
-260.7734807	-261.7734807	-262.7734807	-262.9834254
-262.9834254	-263.9834254	-264.9834254	-265.9834254	-266.9834254	-267.4033149
-267.4033149	-268.4033149	-269.4033149	-270.4033149	-271.4033149	-271.8232044
-271.8232044	-272.8232044	-273.8232044	-274.8232044	-275.8232044	-276.2430939
-276.2430939	-277.2430939	-278.2430939	-279.2430939	-280.2430939	-280.6629834
-280.6629834	-281.6629834	-282.6629834	-282.8729282
-282.8729282	-283.8729282	-284.8729282	-285.0828729
-285.0828729	-286.0828729	-287.0828729	-287.2928177
-287.2928177	-287.2928177	-287.2928177	-287.2928177
-287.2928177	-287.2928177	-287.2928177	-287.2928177	-287.2928177	-287.2928177	-287.2928177	-287.2928177	-287.2928177	-287.2928177
-287.2928177	-287.2928177	-287.2928177	-287.2928177	-287.2928177	-287.2928177	-287.2928177
-287.2928177	-287.2928177	-287.2928177	-287.2928177	-287.2928177	-287.2928177	-287.2928177	-287.2928177	-287.2928177	-287.2928177
-287.2928177	-287.2928177	-287.2928177	-287.2928177	-287.2928177	-287.2928177	-287.2928177
-287.2928177	-287.2928177	-287.2928177	-287.2928177
-287.2928177	-287.2928177	-287.2928177	-287.2928177	-287.2928177	-287.2928177	-287.2928177
