10
-43.45794393
-43.45794393	-42.45794393	-41.45794393	-40.65420561
-40.65420561	-39.65420561	-38.65420561	-37.65420561	-36.65420561	-35.65420561	-34.65420561	-33.65420561	-32.65420561	-31.65420561	-30.65420561	-29.65420561	-28.65420561	-27.65420561	-26.65420561	-26.63551402
-26.63551402	-25.63551402	-24.63551402	-23.63551402	-22.63551402	-21.63551402	-20.63551402	-19.63551402	-18.63551402	-17.63551402	-16.63551402	-15.63551402	-14.63551402	-13.63551402	-12.63551402	-12.61682243
-12.61682243	-10.71378505	-8.810747664	-6.90771028	-5.004672897	-4.205607477
-4.205607477	4.675233645	13.55607477	15.42056075
15.42056075	19.22663551	23.03271028	26.83878505	30.64485981	32.24299065
32.24299065	35.41471963	38.5864486	41.75817757	44.92990654	46.26168224
46.26168224	50.06775701	53.87383178	57.67990654	61.48598131	63.08411215
63.08411215	64.08411215	65.08411215	66.08411215	67.08411215	68.08411215	69.08411215	70.08411215	71.08411215	72.08411215	73.08411215	74.08411215	74.29906542
74.29906542	75.56775701	76.8364486	78.10514019	79.37383178	79.90654206
79.90654206	83.71261682	87.51869159	88.31775701
88.31775701	90.85514019	93.39252336	95.92990654	98.46728972	99.53271028
99.53271028	100.8014019	102.0700935	103.338785	104.6074766	105.8761682	107.1448598	108.4135514	109.682243	110.7476636
110.7476636	112.0163551	113.2850467	114.5537383	115.8224299	117.0911215	118.3598131	119.6285047	120.8971963	121.9626168
121.9626168	123.2313084	124.5	125.7686916	127.0373832	127.5700935
127.5700935	128.838785	130.1074766	131.3761682	132.6448598	133.9135514	135.182243	135.9813084
135.9813084	136.4042056	136.8271028	137.25	137.6728972	138.0957944	138.5186916	138.7850467
138.7850467	139.1022196	139.4193925	139.7365654	140.0537383	140.3709112	140.6880841	141.005257	141.3224299	141.588785
141.588785	142.4345794	143.2803738	144.1261682	144.9719626	145.817757	146.6635514	147.1962617
147.1962617	147.6191589	148.0420561	148.4649533	148.8878505	149.3107477	149.7336449	150
150	150.2537383	150.5074766	150.761215	151.0149533	151.2686916	151.5224299	151.7761682	152.0299065	152.2836449	152.5373832	152.7911215	152.8037383
152.8037383	153.1209112	153.4380841	153.755257	154.0724299	154.3896028	154.7067757	155.0239486	155.3411215	155.6074766
155.6074766	155.9246495	156.2418224	156.5589953	156.8761682	157.1933411	157.510514	157.8276869	158.1448598	158.411215
158.411215	158.411215	158.411215	158.411215	158.411215	158.411215	158.411215	158.411215	158.411215	158.411215	158.411215	158.411215	158.411215
158.411215	158.6649533	158.9186916	159.1724299	159.4261682	159.6799065	159.9336449	160.1873832	160.4411215	160.6948598	160.9485981	161.2023364	161.2149533
161.2149533	161.3735397	161.5321262	161.6907126	161.8492991	162.0078855	162.166472	162.3250584	162.4836449	162.6422313	162.8008178	162.9594042	163.1179907	163.2765771	163.4351636	163.59375	163.7523364	163.9109229	164.0186916
164.0186916	164.0186916	164.0186916	164.0186916	164.0186916	164.0186916	164.0186916	164.0186916	164.0186916	164.0186916
164.0186916	164.0186916	164.0186916	164.0186916	164.0186916	164.0186916	164.0186916	164.0186916	164.0186916	164.0186916	164.0186916	164.0186916	164.0186916
164.0186916	164.0186916	164.0186916	164.0186916	164.0186916	164.0186916	164.0186916	164.0186916	164.0186916	164.0186916
164.0186916	164.0186916	164.0186916	164.0186916	164.0186916	164.0186916	164.0186916	164.0186916
164.0186916	164.0186916	164.0186916	164.0186916	164.0186916	164.0186916	164.0186916	164.0186916
164.0186916	164.0186916	164.0186916	164.0186916	164.0186916	164.0186916	164.0186916	164.0186916	164.0186916	164.0186916	164.0186916	164.0186916	164.0186916	164.0186916	164.0186916	164.0186916	164.0186916
164.0186916	163.615017	163.2113424	162.8076678	162.4039932	162.0003186	161.596644	161.1929694	160.7892948	160.3856202	159.9819456	159.578271	159.1745964	158.7709218	158.3672472	157.9635726	157.559898	157.1562234	156.7525489	156.3488743	155.9451997	155.5415251	155.1378505	154.7341759	154.3305013	153.9268267	153.5231521	153.1194775	152.7158029	152.3121283	151.9084537	151.5047791	151.1011045	150.6974299	150.2937553	149.8900807	149.4864061	149.0827315	148.6790569	148.2753823	147.8717077	147.4680331	147.0643585	146.6606839	146.2570093	145.8533347	145.4496602	145.0459856	144.642311	144.3925234
144.3925234	143.6313084	142.8700935	142.1088785	141.3476636	140.5864486	139.8252336	139.0640187	138.3028037	137.5415888	136.7803738	136.0191589	135.2579439	134.496729	133.735514	132.9742991	132.2130841	131.4518692	130.6906542	129.9294393	129.1682243	128.4070093	127.6457944	127.5700935
127.5700935	126.1428154	124.7155374	123.2882593	121.8609813	120.4337033	119.0064252	117.5791472	116.1518692	114.7245911	113.2973131	111.870035	110.442757	109.015479	107.5882009	106.1609229	104.7336449	103.3063668	101.8790888	100.4518107	99.02453271	97.59725467	96.16997664	94.7426986	93.31542056	91.88814252	90.46086449	89.03358645	87.60630841	86.17903037	84.75175234	83.3244743	81.89719626	80.46991822	79.04264019	77.61536215	77.10280374
77.10280374	75.63892883	74.17505392	72.71117901	71.2473041	69.78342919	68.31955428	66.85567937	65.39180446	63.92792955	62.46405464	61.00017973	59.53630482	58.07242991	56.608555	55.14468009	53.68080518	52.21693027	50.75305536	49.28918045	47.82530554	46.36143063	44.89755572	43.43368081	41.9698059	40.50593098	39.04205607	37.57818116	36.11430625	35.04672897
35.04672897	33.35514019	31.6635514	29.97196262	28.28037383	26.58878505	24.89719626	23.8317757
23.8317757	22.88025701	21.92873832	20.97721963	20.02570093	19.07418224	18.12266355	17.17114486	16.21962617	15.42056075
15.42056075	13.72897196	12.03738318	10.34579439	8.654205607	6.962616822	5.271028037	4.205607477
4.205607477	2.936915888	1.668224299	0.3995327103	-0.8691588785	-2.137850467	-3.406542056	-4.205607477
-4.205607477	-6.10864486	-8.011682243	-9.914719626	-11.81775701	-12.61682243
-12.61682243	-13.88551402	-15.15420561	-15.42056075
-15.42056075	-16.68925234	-17.95794393	-18.22429907
-18.22429907	-19.49299065	-20.76168224	-21.02803738
-21.02803738	-23.56542056	-26.10280374	-26.63551402
-26.63551402	-28.5385514	-30.44158879	-32.34462617	-34.24766355	-35.04672897
-35.04672897	-36.31542056	-37.58411215	-38.85280374	-40.12149533	-40.65420561
-40.65420561	-41.9228972	-43.19158879	-44.46028037	-45.72897196	-46.26168224
-46.26168224	-48.79906542	-51.3364486	-51.86915888
-51.86915888	-52.50350467	-53.13785047	-53.77219626	-54.40654206	-54.6728972
-54.6728972	-55.94158879	-57.21028037	-58.47897196	-59.74766355	-60.28037383
-60.28037383	-62.81775701	-65.35514019	-65.88785047
-65.88785047	-66.52219626	-67.15654206	-67.79088785	-68.42523364	-68.69158879
-68.69158879	-71.22897196	-73.76635514	-74.29906542
-74.29906542	-75.56775701	-76.8364486	-78.10514019	-79.37383178	-79.90654206
-79.90654206	-80.54088785	-81.17523364	-81.80957944	-82.44392523	-82.71028037
-82.71028037	-83.97897196	-85.24766355	-86.51635514	-87.78504673	-88.31775701
-88.31775701	-88.9521028	-89.5864486	-90.22079439	-90.85514019	-91.12149533
-91.12149533	-92.39018692	-93.6588785	-93.92523364
-93.92523364	-94.55957944	-95.19392523	-95.82827103	-96.46261682	-96.72897196
-96.72897196	-97.72897196	-98.72897196	-99.72897196	-100.728972	-101.728972	-102.3364486
-102.3364486	-102.9707944	-103.6051402	-104.239486	-104.8738318	-105.1401869
-105.1401869	-106.4088785	-107.6775701	-107.9439252
-107.9439252	-107.9439252	-107.9439252	-107.9439252
-107.9439252	-108.9439252	-109.9439252	-110.7476636
-110.7476636	-111.7476636	-112.7476636	-113.5514019
-113.5514019	-113.5514019	-113.5514019	-113.5514019
-113.5514019	-114.1857477	-114.8200935	-115.4544393	-116.088785	-116.3551402
-116.3551402	-116.3551402	-116.3551402	-116.3551402
-116.3551402	-117.6238318	-118.8925234	-119.1588785
-119.1588785	-120.4275701	-121.6962617	-121.9626168
-121.9626168	-121.9626168	-121.9626168	-121.9626168
-121.9626168	-121.9626168	-121.9626168	-121.9626168
-121.9626168	-121.9626168	-121.9626168	-121.9626168	-121.9626168	-121.9626168
-121.9626168	-121.9626168	-121.9626168	-121.9626168
-121.9626168	-123.2313084	-124.5	-124.7663551
-124.7663551	-124.7663551	-124.7663551	-124.7663551
-124.7663551	-126.0350467	-127.3037383	-127.5700935
-127.5700935	-128.838785	-130.1074766	-130.3738318
-130.3738318	-130.3738318	-130.3738318	-130.3738318
-130.3738318	-130.3738318	-130.3738318	-130.3738318	-130.3738318	-130.3738318
-130.3738318	-130.3738318	-130.3738318	-130.3738318	-130.3738318	-130.3738318
-130.3738318	-131.6425234	-132.911215	-133.1775701
-133.1775701	-133.3588117	-133.5400534	-133.7212951	-133.9025367	-134.0837784	-134.26502	-134.4462617	-134.6275033	-134.808745	-134.9899866	-135.1712283	-135.35247	-135.5337116	-135.7149533	-135.8961949	-135.9813084
-135.9813084	-135.9813084	-135.9813084	-135.9813084	-135.9813084	-135.9813084	-135.9813084	-135.9813084
-135.9813084	-135.9813084	-135.9813084	-135.9813084	-135.9813084	-135.9813084
-135.9813084	-135.9208945	-135.8604806	-135.8000668	-135.7396529	-135.679239	-135.6188251	-135.5584112	-135.4979973	-135.4375834	-135.3771696	-135.3167557	-135.2563418	-135.1959279	-135.135514	-135.0751001	-135.0146862	-134.9542724	-134.8938585	-134.8334446	-134.7730307	-134.7126168	-134.6522029	-134.5917891	-134.5313752	-134.4709613	-134.4105474	-134.3501335	-134.2897196	-134.2293057	-134.1688919	-134.108478	-134.0480641	-133.9876502	-133.9272363	-133.8668224	-133.8064085	-133.7459947	-133.6855808	-133.6251669	-133.564753	-133.5043391	-133.4439252	-133.3835113	-133.3230975	-133.2626836	-133.2022697	-133.1775701
-133.1775701	-131.1476636	-129.117757	-127.0878505	-125.0579439	-123.0280374	-120.9981308	-118.9682243	-116.9383178	-114.9084112	-112.8785047	-110.8485981	-108.8186916	-106.788785	-104.7588785	-102.728972	-100.6990654	-98.66915888	-96.63925234	-94.60934579	-92.57943925	-90.54953271	-88.51962617	-86.48971963	-84.45981308	-82.42990654	-80.4	-78.37009346	-76.34018692	-74.31028037	-72.28037383	-70.25046729	-68.22056075	-66.19065421	-65.88785047
-65.88785047	-52.88376168	-39.8796729	-26.87558411	-13.87149533	-0.8674065421	12.13668224	25.14077103	38.14485981	49.06542056
49.06542056	53.50584112	57.94626168	62.38668224	66.8271028	71.26752336	75.70794393	80.14836449	84.58878505	89.02920561	93.46962617	97.91004673	102.3504673	106.7908879	111.2313084	115.671729	120.1121495	124.5525701	127.5700935
127.5700935	128.3508267	129.13156	129.9122933	130.6930266	131.4737599	132.2544932	133.0352265	133.8159597	134.596693	135.3774263	136.1581596	136.9388929	137.7196262	138.5003595	139.2810927	140.061826	140.8425593	141.6232926	142.4040259	143.1847592	143.9654925	144.7462257	145.526959	146.3076923	147.0884256	147.8691589	148.6498922	149.4306254	150
150	150.0845794	150.1691589	150.2537383	150.3383178	150.4228972	150.5074766	150.5920561	150.6766355	150.761215	150.8457944	150.9303738	151.0149533	151.0995327	151.1841121	151.2686916	151.353271	151.4378505	151.5224299	151.6070093	151.6915888	151.7761682	151.8607477	151.9453271	152.0299065	152.114486	152.1990654	152.2836449	152.3682243	152.4528037	152.5373832	152.6219626	152.7065421	152.7911215	152.8757009	152.9602804	153.0448598	153.1294393	153.2140187	153.2985981	153.3831776	153.467757	153.5523364	153.6369159	153.7214953	153.8060748	153.8906542	153.9752336	154.0598131	154.1443925	154.228972	154.3135514	154.3981308	154.4827103	154.5672897	154.6518692	154.7364486	154.821028	154.9056075	154.9901869	155.0747664	155.1593458	155.2439252	155.3285047	155.4130841	155.4976636	155.582243	155.6074766
155.6074766	155.21711	154.8267434	154.4363767	154.0460101	153.6556434	153.2652768	152.8749101	152.4845435	152.0941769	151.7038102	151.3134436	150.9230769	150.5327103	150.1423436	149.751977	149.3616104	148.9712437	148.5808771	148.1905104	147.8001438	147.4097771	147.0194105	146.6290439	146.2386772	145.8483106	145.4579439	145.0675773	144.6772106	144.286844	143.8964774	143.5061107	143.1157441	142.7253774	142.3350108	141.9446441	141.5542775	141.1639109	140.7735442	140.3831776	139.9928109	139.6024443	139.2120776	138.821711	138.4313444	138.0409777	137.6506111	137.2602444	136.8698778	136.4795111	136.0891445	135.6987779	135.3084112	134.9180446	134.5276779	134.1373113	133.7469446	133.356578	133.1775701
133.1775701	132.1731893	131.1688084	130.1644276	129.1600467	128.1556659	127.151285	126.1469042	125.1425234	124.1381425	123.1337617	122.1293808	121.125	120.1206192	119.1162383	118.1118575	117.1074766	116.1030958	115.098715	114.0943341	113.0899533	112.0855724	111.0811916	110.0768107	109.0724299	108.0680491	107.0636682	106.0592874	105.0549065	104.0505257	103.0461449	102.041764	101.0373832	100.0330023	99.0286215	98.02424065	97.01985981	96.01547897	95.01109813	94.00671729	93.00233645	91.99795561	90.99357477	89.98919393	88.98481308	87.98043224	86.9760514	85.97167056	84.96728972	83.96290888	82.95852804	81.9541472	80.94976636	79.94538551	79.90654206
79.90654206	78.32067757	76.73481308	75.1489486	73.56308411	71.97721963	70.39135514	68.80549065	67.21962617	65.63376168	64.0478972	62.46203271	60.87616822	59.29030374	57.70443925	56.11857477	54.53271028	52.94684579	51.36098131	49.77511682	48.18925234	46.60338785	45.01752336	43.43165888	41.84579439	40.25992991	38.67406542	37.08820093	35.50233645	33.91647196	32.33060748	30.74474299	29.1588785	27.57301402	25.98714953	24.40128505	22.81542056	21.22955607	19.64369159	18.0578271	16.47196262	14.88609813	13.30023364	11.71436916	10.12850467	9.813084112
9.813084112	8.595140187	7.377196262	6.159252336	4.941308411	3.723364486	2.505420561	1.287476636	0.06953271028	-1.148411215	-2.36635514	-3.584299065	-4.802242991	-6.020186916	-7.238130841	-8.456074766	-9.674018692	-10.89196262	-12.10990654	-13.32785047	-14.54579439	-15.76373832	-16.98168224	-18.19962617	-19.41757009	-20.63551402	-21.85345794	-23.07140187	-24.28934579	-25.50728972	-26.72523364	-27.94317757	-29.1611215	-30.37906542	-31.59700935	-32.81495327	-34.0328972	-35.25084112	-36.46878505	-37.68672897	-38.9046729	-40.12261682	-41.34056075	-42.55850467	-43.7764486	-44.99439252	-46.21233645	-47.43028037	-48.6482243	-49.86616822	-51.08411215	-52.30205607	-53.52	-54.73794393	-55.95588785	-57.17383178	-57.47663551
-57.47663551	-58.49158879	-59.50654206	-60.52149533	-61.5364486	-62.55140187	-63.56635514	-64.58130841	-65.59626168	-66.61121495	-67.62616822	-68.6411215	-68.69158879
-68.69158879	-69.39155656	-70.09152433	-70.7914921	-71.49145988	-72.19142765	-72.89139542	-73.5913632	-74.29133097	-74.99129874	-75.69126652	-76.39123429	-77.09120206	-77.79116984	-78.49113761	-79.19110538	-79.89107316	-80.59104093	-81.2910087	-81.99097647	-82.69094425	-83.39091202	-84.09087979	-84.79084757	-85.49081534	-86.19078311	-86.89075089	-87.59071866	-88.29068643	-88.99065421	-89.69062198	-90.39058975	-91.09055752	-91.7905253	-92.49049307	-93.19046084	-93.89042862	-94.59039639	-95.29036416	-95.99033194	-96.69029971	-97.39026748	-98.09023526	-98.79020303	-99.4901708	-100.1901386	-100.8901063	-101.5900741	-102.2900419	-102.9900097	-103.6899774	-104.3899452	-105.089913	-105.7898808	-106.4898485	-107.1898163	-107.8897841	-108.5897519	-109.2897196	-109.9896874	-110.6896552	-111.3896229	-112.0895907	-112.7895585	-113.4895263	-113.5514019
-113.5514019	-113.9375254	-114.3236489	-114.7097725	-115.095896	-115.4820195	-115.868143	-116.2542666	-116.6403901	-117.0265136	-117.4126371	-117.7987607	-118.1848842	-118.5710077	-118.9571312	-119.3432548	-119.7293783	-120.1155018	-120.5016254	-120.8877489	-121.2738724	-121.6599959	-122.0461195	-122.432243	-122.8183665	-123.20449	-123.5906136	-123.9767371	-124.3628606	-124.7489842	-125.1351077	-125.5212312	-125.9073547	-126.2934783	-126.6796018	-127.0657253	-127.4518488	-127.8379724	-128.2240959	-128.6102194	-128.996343	-129.3824665	-129.76859	-130.1547135	-130.5408371	-130.9269606	-131.3130841	-131.6992076	-132.0853312	-132.4714547	-132.8575782	-133.1775701
-133.1775701	-133.3588117	-133.5400534	-133.7212951	-133.9025367	-134.0837784	-134.26502	-134.4462617	-134.6275033	-134.808745	-134.9899866	-135.1712283	-135.35247	-135.5337116	-135.7149533	-135.8961949	-136.0774366	-136.2586782	-136.4399199	-136.6211615	-136.8024032	-136.9836449	-137.1648865	-137.3461282	-137.5273698	-137.7086115	-137.8898531	-138.0710948	-138.2523364	-138.4335781	-138.6148198	-138.7850467
-138.7850467	-138.7850467	-138.7850467	-138.7850467	-138.7850467	-138.7850467	-138.7850467	-138.7850467	-138.7850467	-138.7850467
-138.7850467	-138.7850467	-138.7850467	-138.7850467	-138.7850467	-138.7850467	-138.7850467	-138.7850467	-138.7850467	-138.7850467	-138.7850467	-138.7850467	-138.7850467	-138.7850467	-138.7850467	-138.7850467	-138.7850467
-138.7850467	-138.9003823	-139.0157179	-139.1310535	-139.2463891	-139.3617247	-139.4770603	-139.5923959	-139.7077315	-139.8230671	-139.9384027	-140.0537383	-140.1690739	-140.2844095	-140.3997451	-140.5150807	-140.6304163	-140.7457519	-140.8610875	-140.9764231	-141.0917587	-141.2070943	-141.3224299	-141.4377655	-141.5531011	-141.588785
-141.588785	-141.588785	-141.588785	-141.588785	-141.588785	-141.588785	-141.588785	-141.588785	-141.588785	-141.588785	-141.588785	-141.588785	-141.588785
-141.588785	-141.588785	-141.588785	-141.588785
-141.588785	-141.588785	-141.588785	-141.588785	-141.588785	-141.588785
-141.588785	-141.588785	-141.588785	-141.588785	-141.588785	-141.588785
-141.588785	-141.588785	-141.588785	-141.588785	-141.588785	-141.588785
-141.588785	-141.588785	-141.588785	-141.588785	-141.588785	-141.588785
-141.588785	-140.3200935	-139.0514019	-138.7850467
-138.7850467	-138.1507009	-137.5163551	-136.8820093	-136.2476636	-135.9813084
-135.9813084	-134.9813084	-133.9813084	-133.1775701
-133.1775701	-132.7546729	-132.3317757	-131.9088785	-131.4859813	-131.0630841	-130.6401869	-130.3738318
-130.3738318	-127.8364486	-125.2990654	-124.7663551
-124.7663551	-122.8633178	-120.9602804	-119.057243	-117.1542056	-116.3551402
-116.3551402	-114.4521028	-112.5490654	-110.646028	-108.7429907	-107.9439252
-107.9439252	-106.6752336	-105.4065421	-104.1378505	-102.8691589	-102.3364486
-102.3364486	-99.16471963	-95.99299065	-92.82126168	-89.64953271	-88.31775701
-88.31775701	-84.51168224	-80.70560748	-79.90654206
-79.90654206	-78.63785047	-77.36915888	-77.10280374
-77.10280374	-74.56542056	-72.02803738	-71.4953271
-71.4953271	-70.4953271	-69.4953271	-68.69158879
-68.69158879	-67.69158879	-66.69158879	-65.69158879	-64.69158879	-63.69158879	-62.69158879	-61.69158879	-60.69158879	-60.28037383
-60.28037383	-59.28037383	-58.28037383	-57.28037383	-56.28037383	-55.28037383	-54.6728972
-54.6728972	-53.6728972	-52.6728972	-51.6728972	-50.6728972	-49.6728972	-48.6728972	-47.6728972	-46.6728972	-46.26168224
-46.26168224	-45.26168224	-44.26168224	-43.26168224	-42.26168224	-41.26168224	-40.65420561
-40.65420561	-39.65420561	-38.65420561	-37.85046729
-37.85046729	-36.85046729	-35.85046729	-34.85046729	-33.85046729	-32.85046729	-32.24299065
